-5 1.48672e-06
-4.8587 2.98353e-06
-4.843 3.21964e-06
-4.82555 3.50294e-06
-4.80617 3.84567e-06
-4.78463 4.26408e-06
-4.7607 4.77998e-06
-4.73411 5.42308e-06
-4.71739 5.86896e-06
-4.70457 6.23444e-06
-4.68599 6.80266e-06
-4.67174 7.27163e-06
-4.6511 8.00606e-06
-4.63527 8.61675e-06
-4.61234 9.58074e-06
-4.59474 1.03889e-05
-4.58786 1.07223e-05
-4.56926 1.16756e-05
-4.54972 1.27638e-05
-4.54207 1.32152e-05
-4.52899 1.40232e-05
-4.52899 1.40232e-05
-4.5214 1.45129e-05
-4.49968 1.60064e-05
-4.49119 1.66295e-05
-4.47665 1.77496e-05
-4.46822 1.84315e-05
-4.44409 2.05238e-05
-4.43628 2.12486e-05
-4.43466 2.14021e-05
-4.42598 2.2241e-05
-4.4185 2.29884e-05
-4.41453 2.33952e-05
-4.40914 2.39586e-05
-4.40181 2.47442e-05
-4.38233 2.69553e-05
-4.37184 2.82215e-05
-4.35389 3.05201e-05
-4.34357 3.19215e-05
-4.34349 3.19329e-05
-4.32297 3.49023e-05
-4.3137 3.63278e-05
-4.30204 3.8198e-05
-4.30007 3.85228e-05
-4.2821 4.16114e-05
-4.27464 4.29612e-05
-4.27054 4.37204e-05
-4.25858 4.60073e-05
-4.23744 5.0331e-05
-4.22854 5.22635e-05
-4.22449 5.31651e-05
-4.21996 5.41934e-05
-4.21996 5.41934e-05
-4.20234 5.83675e-05
-4.19516 6.01536e-05
-4.18949 6.16001e-05
-4.18562 6.26065e-05
-4.15806 7.02333e-05
-4.15271 7.1813e-05
-4.14747 7.33933e-05
-4.13833 7.6226e-05
-4.13652 7.67985e-05
-4.11371 8.4376e-05
-4.10508 8.74222e-05
-4.09943 8.94697e-05
-4.05857 0.000105698
-4.05308 0.000108078
-4.04258 0.000112768
-4.01523 0.000125907
-3.99937 0.000134168
-3.97659 0.000146925
-3.95396 0.000160718
-3.94183 0.000168607
-3.94183 0.000168607
-3.9362 0.000172383
-3.90581 0.000194201
-3.88819 0.000208007
-3.86673 0.000226051
-3.83774 0.000252763
-3.818 0.000272596
-3.79164 0.000301362
-3.78423 0.000309934
-3.76465 0.000333708
-3.7228 0.000390313
-3.7086 0.000411464
-3.69151 0.000438317
-3.69151 0.000438317
-3.68667 0.000446213
-3.64915 0.000512054
-3.62739 0.000554232
-3.62393 0.000561241
-3.56511 0.000693374
-3.55634 0.000715363
-3.54075 0.000756066
-3.49905 0.000875578
-3.49439 0.000889979
-3.47488 0.000952581
-3.46623 0.000981621
-3.46623 0.000981621
-3.40568 0.00120864
-3.4054 0.00120978
-3.37861 0.00132488
-3.34457 0.00148547
-3.33228 0.00154769
-3.30542 0.00169199
-3.28882 0.00178722
-3.26347 0.00194195
-3.26347 0.00194195
-3.22853 0.00217519
-3.20873 0.00231833
-3.19845 0.00239592
-3.15398 0.00275939
-3.14698 0.00282096
-3.11714 0.00309735
-3.1038 0.00322852
-3.08099 0.00346447
-3.08099 0.00346447
-3.03172 0.0040275
-3.0317 0.00402778
-2.99828 0.00445476
-2.98245 0.00467068
-2.94109 0.00527942
-2.93729 0.00533871
-2.91676 0.00566934
-2.91676 0.00566934
-2.90793 0.00581703
-2.87242 0.00644578
-2.82807 0.00731417
-2.813 0.00763187
-2.78743 0.00819842
-2.77587 0.00846633
-2.76895 0.00863023
-2.76895 0.00863023
-2.72904 0.00963093
-2.71232 0.0100792
-2.68913 0.0107306
-2.67548 0.0111309
-2.65255 0.0118319
-2.63592 0.0123638
-2.63592 0.0123638
-2.60001 0.0135828
-2.57 0.0146782
-2.56409 0.0149027
-2.53116 0.0162067
-2.52874 0.0163063
-2.5162 0.0168305
-2.5162 0.0168305
-2.45813 0.0194453
-2.4172 0.0214859
-2.33661 0.026022
-2.3 0.028327
-2.25416 0.0314439
-2.1757 0.0374112
-2.15702 0.0389564
-2.13022 0.0412603
-2 0.053991
-1.9924 0.0548163
-1.94906 0.0597036
-1.91757 0.0634514
-1.91757 0.0634514
-1.86189 0.0704915
-1.81135 0.077348
-1.75594 0.0853831
-1.61007 0.109142
-1.59431 0.111933
-1.51322 0.126964
-1.45706 0.138007
-1.44615 0.140209
-1.37881 0.154201
-1.37881 0.154201
-1.23341 0.18645
-1.23334 0.186466
-1.1258 0.211687
-1.08788 0.220761
-1.0634 0.22665
-0.954533 0.252965
-0.893922 0.26754
-0.893922 0.26754
-0.814902 0.286227
-0.763003 0.29819
-0.695328 0.313273
-0.632083 0.326703
-0.626 0.327956
-0.512074 0.349921
-0.457524 0.359298
-0.457524 0.359298
-0.349891 0.375255
-0.339697 0.376576
-0.221869 0.389243
-0.217031 0.389656
-0.14 0.395052
-0.113861 0.396365
-0.0647657 0.398106
-0.0647657 0.398106
0.041279 0.398603
0.147324 0.394636
0.166788 0.393432
0.244531 0.387191
0.288717 0.382657
0.288717 0.382657
0.31441 0.379703
0.384157 0.370565
0.4 0.36827
0.479597 0.355601
0.567084 0.339687
0.606851 0.33185
0.606851 0.33185
0.692747 0.313835
0.740875 0.303193
0.778644 0.294616
0.857382 0.276239
0.893172 0.267719
0.893172 0.267719
0.9049 0.264911
1 0.241971
1.32265 0.166353
1.37875 0.154214
1.561 0.117973
1.75213 0.0859555
2.0875 0.0451499
2.14583 0.0399062
2.29 0.0289847
2.32478 0.0267497
2.32478 0.0267497
2.71131 0.0101069
2.875 0.00639812
3.09784 0.00328873
3.1 0.00326682
3.45216 0.00103055
3.61322 0.000583412
3.61322 0.000583412
3.75 0.000352596
3.9611 0.000156244
4 0.00013383
4.30898 3.70741e-05
4.62787 8.91722e-06
4.77282 4.51168e-06
4.77282 4.51168e-06
4.84097 3.25131e-06
4.90913 2.33218e-06
4.9716 1.71285e-06
5 1.48672e-06
5 1.48672e-06
