-5 1.48672e-06
-4.98999 1.56295e-06
-4.97998 1.64291e-06
-4.96997 1.7268e-06
-4.95996 1.81479e-06
-4.94995 1.90707e-06
-4.93994 2.00385e-06
-4.92993 2.10532e-06
-4.91992 2.21171e-06
-4.90991 2.32324e-06
-4.8999 2.44016e-06
-4.88989 2.5627e-06
-4.87988 2.69112e-06
-4.86987 2.8257e-06
-4.85986 2.96671e-06
-4.84985 3.11444e-06
-4.83984 3.26921e-06
-4.82983 3.43132e-06
-4.81982 3.6011e-06
-4.80981 3.77891e-06
-4.7998 3.96511e-06
-4.78979 4.16006e-06
-4.77978 4.36416e-06
-4.76977 4.57781e-06
-4.75976 4.80144e-06
-4.74975 5.03549e-06
-4.73974 5.28042e-06
-4.72973 5.53671e-06
-4.71972 5.80486e-06
-4.70971 6.08538e-06
-4.6997 6.37882e-06
-4.68969 6.68574e-06
-4.67968 7.00673e-06
-4.66967 7.34239e-06
-4.65966 7.69336e-06
-4.64965 8.0603e-06
-4.63964 8.4439e-06
-4.62963 8.84486e-06
-4.61962 9.26394e-06
-4.60961 9.7019e-06
-4.5996 1.01595e-05
-4.58959 1.06377e-05
-4.57958 1.11373e-05
-4.56957 1.16591e-05
-4.55956 1.22042e-05
-4.54955 1.27735e-05
-4.53954 1.3368e-05
-4.52953 1.39887e-05
-4.51952 1.46369e-05
-4.50951 1.53135e-05
-4.4995 1.60198e-05
-4.48949 1.6757e-05
-4.47948 1.75263e-05
-4.46947 1.83292e-05
-4.45946 1.91669e-05
-4.44945 2.00408e-05
-4.43944 2.09526e-05
-4.42943 2.19036e-05
-4.41942 2.28954e-05
-4.40941 2.39298e-05
-4.3994 2.50085e-05
-4.38939 2.61331e-05
-4.37938 2.73056e-05
-4.36937 2.85278e-05
-4.35936 2.98017e-05
-4.34935 3.11294e-05
-4.33934 3.2513e-05
-4.32933 3.39546e-05
-4.31932 3.54567e-05
-4.30931 3.70215e-05
-4.2993 3.86515e-05
-4.28929 4.03492e-05
-4.27928 4.21172e-05
-4.26927 4.39583e-05
-4.25926 4.58753e-05
-4.24925 4.78711e-05
-4.23924 4.99487e-05
-4.22923 5.21113e-05
-4.21922 5.43621e-05
-4.20921 5.67044e-05
-4.1992 5.91416e-05
-4.18919 6.16775e-05
-4.17918 6.43156e-05
-4.16917 6.70599e-05
-4.15916 6.99143e-05
-4.14915 7.28828e-05
-4.13914 7.59698e-05
-4.12913 7.91796e-05
-4.11912 8.25167e-05
-4.10911 8.59859e-05
-4.0991 8.95919e-05
-4.08909 9.33399e-05
-4.07908 9.72348e-05
-4.06907 0.000101282
-4.05906 0.000105487
-4.04905 0.000109856
-4.03904 0.000114395
-4.02903 0.000119108
-4.01902 0.000124004
-4.00901 0.000129088
-3.999 0.000134367
-3.98899 0.000139848
-3.97898 0.000145538
-3.96897 0.000151444
-3.95896 0.000157574
-3.94895 0.000163936
-3.93894 0.000170537
-3.92893 0.000177386
-3.91892 0.000184493
-3.90891 0.000191864
-3.8989 0.00019951
-3.88889 0.00020744
-3.87888 0.000215664
-3.86887 0.000224191
-3.85886 0.000233032
-3.84885 0.000242197
-3.83884 0.000251698
-3.82883 0.000261545
-3.81882 0.00027175
-3.80881 0.000282325
-3.7988 0.000293282
-3.78879 0.000304634
-3.77878 0.000316394
-3.76877 0.000328574
-3.75876 0.00034119
-3.74875 0.000354254
-3.73874 0.000367781
-3.72873 0.000381787
-3.71872 0.000396287
-3.70871 0.000411295
-3.6987 0.00042683
-3.68869 0.000442907
-3.67868 0.000459544
-3.66867 0.000476757
-3.65866 0.000494566
-3.64865 0.000512989
-3.63864 0.000532044
-3.62863 0.000551752
-3.61862 0.000572133
-3.60861 0.000593207
-3.5986 0.000614996
-3.58859 0.000637521
-3.57858 0.000660806
-3.56857 0.000684871
-3.55856 0.000709743
-3.54855 0.000735443
-3.53854 0.000761998
-3.52853 0.000789433
-3.51852 0.000817774
-3.50851 0.000847047
-3.4985 0.00087728
-3.48849 0.000908501
-3.47848 0.000940739
-3.46847 0.000974023
-3.45846 0.00100838
-3.44845 0.00104385
-3.43844 0.00108046
-3.42843 0.00111824
-3.41842 0.00115722
-3.40841 0.00119745
-3.3984 0.00123895
-3.38839 0.00128175
-3.37838 0.00132591
-3.36837 0.00137144
-3.35836 0.0014184
-3.34835 0.00146682
-3.33834 0.00151674
-3.32833 0.00156821
-3.31832 0.00162125
-3.30831 0.00167592
-3.2983 0.00173227
-3.28829 0.00179032
-3.27828 0.00185014
-3.26827 0.00191177
-3.25826 0.00197525
-3.24825 0.00204063
-3.23824 0.00210797
-3.22823 0.00217731
-3.21822 0.0022487
-3.20821 0.0023222
-3.1982 0.00239787
-3.18819 0.00247575
-3.17818 0.00255591
-3.16817 0.0026384
-3.15816 0.00272328
-3.14815 0.0028106
-3.13814 0.00290044
-3.12813 0.00299284
-3.11812 0.00308789
-3.10811 0.00318563
-3.0981 0.00328613
-3.08809 0.00338947
-3.07808 0.0034957
-3.06807 0.00360491
-3.05806 0.00371715
-3.04805 0.0038325
-3.03804 0.00395104
-3.02803 0.00407284
-3.01802 0.00419797
-3.00801 0.00432651
-2.998 0.00445854
-2.98799 0.00459414
-2.97798 0.00473338
-2.96797 0.00487636
-2.95796 0.00502316
-2.94795 0.00517386
-2.93794 0.00532854
-2.92793 0.0054873
-2.91792 0.00565022
-2.90791 0.00581739
-2.8979 0.00598892
-2.88789 0.00616488
-2.87788 0.00634538
-2.86787 0.0065305
-2.85786 0.00672035
-2.84785 0.00691504
-2.83784 0.00711464
-2.82783 0.00731928
-2.81782 0.00752904
-2.80781 0.00774405
-2.7978 0.00796439
-2.78779 0.00819018
-2.77778 0.00842153
-2.76777 0.00865855
-2.75776 0.00890135
-2.74775 0.00915004
-2.73774 0.00940473
-2.72773 0.00966554
-2.71772 0.0099326
-2.70771 0.010206
-2.6977 0.0104859
-2.68769 0.0107724
-2.67768 0.0110656
-2.66767 0.0113656
-2.65766 0.0116726
-2.64765 0.0119867
-2.63764 0.012308
-2.62763 0.0126367
-2.61762 0.0129728
-2.60761 0.0133166
-2.5976 0.013668
-2.58759 0.0140274
-2.57758 0.0143948
-2.56757 0.0147703
-2.55756 0.015154
-2.54755 0.0155462
-2.53754 0.015947
-2.52753 0.0163564
-2.51752 0.0167747
-2.50751 0.0172019
-2.4975 0.0176383
-2.48749 0.0180839
-2.47748 0.0185389
-2.46747 0.0190034
-2.45746 0.0194777
-2.44745 0.0199617
-2.43744 0.0204558
-2.42743 0.02096
-2.41742 0.0214744
-2.40741 0.0219993
-2.3974 0.0225348
-2.38739 0.0230809
-2.37738 0.023638
-2.36737 0.0242061
-2.35736 0.0247853
-2.34735 0.0253758
-2.33734 0.0259778
-2.32733 0.0265915
-2.31732 0.0272169
-2.30731 0.0278542
-2.2973 0.0285036
-2.28729 0.0291652
-2.27728 0.0298391
-2.26727 0.0305256
-2.25726 0.0312248
-2.24725 0.0319367
-2.23724 0.0326616
-2.22723 0.0333997
-2.21722 0.034151
-2.20721 0.0349156
-2.1972 0.0356939
-2.18719 0.0364858
-2.17718 0.0372915
-2.16717 0.0381113
-2.15716 0.0389451
-2.14715 0.0397932
-2.13714 0.0406557
-2.12713 0.0415327
-2.11712 0.0424244
-2.10711 0.0433309
-2.0971 0.0442524
-2.08709 0.0451889
-2.07708 0.0461405
-2.06707 0.0471076
-2.05706 0.04809
-2.04705 0.0490881
-2.03704 0.0501018
-2.02703 0.0511313
-2.01702 0.0521768
-2.00701 0.0532383
-1.997 0.054316
-1.98699 0.0554099
-1.97698 0.0565202
-1.96697 0.0576469
-1.95696 0.0587903
-1.94695 0.0599503
-1.93694 0.061127
-1.92693 0.0623207
-1.91692 0.0635312
-1.90691 0.0647588
-1.8969 0.0660035
-1.88689 0.0672654
-1.87688 0.0685445
-1.86687 0.069841
-1.85686 0.0711548
-1.84685 0.0724861
-1.83684 0.0738349
-1.82683 0.0752013
-1.81682 0.0765853
-1.80681 0.0779869
-1.7968 0.0794063
-1.78679 0.0808433
-1.77678 0.0822982
-1.76677 0.0837708
-1.75676 0.0852612
-1.74675 0.0867695
-1.73674 0.0882955
-1.72673 0.0898394
-1.71672 0.0914012
-1.70671 0.0929808
-1.6967 0.0945782
-1.68669 0.0961934
-1.67668 0.0978264
-1.66667 0.0994771
-1.65666 0.101146
-1.64665 0.102832
-1.63664 0.104536
-1.62663 0.106257
-1.61662 0.107996
-1.60661 0.109752
-1.5966 0.111526
-1.58659 0.113317
-1.57658 0.115125
-1.56657 0.116951
-1.55656 0.118793
-1.54655 0.120652
-1.53654 0.122529
-1.52653 0.124422
-1.51652 0.126331
-1.50651 0.128257
-1.4965 0.130199
-1.48649 0.132158
-1.47648 0.134132
-1.46647 0.136122
-1.45646 0.138128
-1.44645 0.14015
-1.43644 0.142187
-1.42643 0.144239
-1.41642 0.146306
-1.40641 0.148388
-1.3964 0.150484
-1.38639 0.152594
-1.37638 0.154719
-1.36637 0.156858
-1.35636 0.15901
-1.34635 0.161175
-1.33634 0.163354
-1.32633 0.165545
-1.31632 0.16775
-1.30631 0.169966
-1.2963 0.172195
-1.28629 0.174435
-1.27628 0.176686
-1.26627 0.178949
-1.25626 0.181223
-1.24625 0.183507
-1.23624 0.185801
-1.22623 0.188105
-1.21622 0.190419
-1.20621 0.192742
-1.1962 0.195073
-1.18619 0.197413
-1.17618 0.199761
-1.16617 0.202117
-1.15616 0.20448
-1.14615 0.206849
-1.13614 0.209226
-1.12613 0.211608
-1.11612 0.213996
-1.10611 0.21639
-1.0961 0.218788
-1.08609 0.221191
-1.07608 0.223597
-1.06607 0.226008
-1.05606 0.228421
-1.04605 0.230837
-1.03604 0.233255
-1.02603 0.235675
-1.01602 0.238096
-1.00601 0.240517
-0.995996 0.24294
-0.985986 0.245361
-0.975976 0.247783
-0.965966 0.250203
-0.955956 0.252621
-0.945946 0.255037
-0.935936 0.257451
-0.925926 0.259861
-0.915916 0.262268
-0.905906 0.26467
-0.895896 0.267068
-0.885886 0.26946
-0.875876 0.271846
-0.865866 0.274227
-0.855856 0.2766
-0.845846 0.278966
-0.835836 0.281324
-0.825826 0.283673
-0.815816 0.286014
-0.805806 0.288344
-0.795796 0.290665
-0.785786 0.292975
-0.775776 0.295274
-0.765766 0.297561
-0.755756 0.299835
-0.745746 0.302097
-0.735736 0.304345
-0.725726 0.30658
-0.715716 0.3088
-0.705706 0.311004
-0.695696 0.313193
-0.685686 0.315366
-0.675676 0.317522
-0.665666 0.319661
-0.655656 0.321782
-0.645646 0.323885
-0.635636 0.325968
-0.625626 0.328033
-0.615616 0.330077
-0.605606 0.332101
-0.595596 0.334103
-0.585586 0.336084
-0.575576 0.338043
-0.565566 0.339979
-0.555556 0.341892
-0.545546 0.343782
-0.535536 0.345647
-0.525526 0.347487
-0.515516 0.349303
-0.505506 0.351092
-0.495495 0.352856
-0.485485 0.354592
-0.475475 0.356302
-0.465465 0.357984
-0.455455 0.359638
-0.445445 0.361263
-0.435435 0.362859
-0.425425 0.364426
-0.415415 0.365963
-0.405405 0.367469
-0.395395 0.368945
-0.385385 0.37039
-0.375375 0.371803
-0.365365 0.373184
-0.355355 0.374532
-0.345345 0.375848
-0.335335 0.377131
-0.325325 0.37838
-0.315315 0.379595
-0.305305 0.380776
-0.295295 0.381922
-0.285285 0.383034
-0.275275 0.38411
-0.265265 0.38515
-0.255255 0.386155
-0.245245 0.387124
-0.235235 0.388056
-0.225225 0.388951
-0.215215 0.389809
-0.205205 0.390631
-0.195195 0.391414
-0.185185 0.39216
-0.175175 0.392868
-0.165165 0.393538
-0.155155 0.394169
-0.145145 0.394762
-0.135135 0.395316
-0.125125 0.395831
-0.115115 0.396308
-0.105105 0.396745
-0.0950951 0.397143
-0.0850851 0.397501
-0.0750751 0.39782
-0.0650651 0.398099
-0.0550551 0.398338
-0.045045 0.398538
-0.035035 0.398698
-0.025025 0.398817
-0.015015 0.398897
-0.00500501 0.398937
0.00500501 0.398937
0.015015 0.398897
0.025025 0.398817
0.035035 0.398698
0.045045 0.398538
0.0550551 0.398338
0.0650651 0.398099
0.0750751 0.39782
0.0850851 0.397501
0.0950951 0.397143
0.105105 0.396745
0.115115 0.396308
0.125125 0.395831
0.135135 0.395316
0.145145 0.394762
0.155155 0.394169
0.165165 0.393538
0.175175 0.392868
0.185185 0.39216
0.195195 0.391414
0.205205 0.390631
0.215215 0.389809
0.225225 0.388951
0.235235 0.388056
0.245245 0.387124
0.255255 0.386155
0.265265 0.38515
0.275275 0.38411
0.285285 0.383034
0.295295 0.381922
0.305305 0.380776
0.315315 0.379595
0.325325 0.37838
0.335335 0.377131
0.345345 0.375848
0.355355 0.374532
0.365365 0.373184
0.375375 0.371803
0.385385 0.37039
0.395395 0.368945
0.405405 0.367469
0.415415 0.365963
0.425425 0.364426
0.435435 0.362859
0.445445 0.361263
0.455455 0.359638
0.465465 0.357984
0.475475 0.356302
0.485485 0.354592
0.495495 0.352856
0.505506 0.351092
0.515516 0.349303
0.525526 0.347487
0.535536 0.345647
0.545546 0.343782
0.555556 0.341892
0.565566 0.339979
0.575576 0.338043
0.585586 0.336084
0.595596 0.334103
0.605606 0.332101
0.615616 0.330077
0.625626 0.328033
0.635636 0.325968
0.645646 0.323885
0.655656 0.321782
0.665666 0.319661
0.675676 0.317522
0.685686 0.315366
0.695696 0.313193
0.705706 0.311004
0.715716 0.3088
0.725726 0.30658
0.735736 0.304345
0.745746 0.302097
0.755756 0.299835
0.765766 0.297561
0.775776 0.295274
0.785786 0.292975
0.795796 0.290665
0.805806 0.288344
0.815816 0.286014
0.825826 0.283673
0.835836 0.281324
0.845846 0.278966
0.855856 0.2766
0.865866 0.274227
0.875876 0.271846
0.885886 0.26946
0.895896 0.267068
0.905906 0.26467
0.915916 0.262268
0.925926 0.259861
0.935936 0.257451
0.945946 0.255037
0.955956 0.252621
0.965966 0.250203
0.975976 0.247783
0.985986 0.245361
0.995996 0.24294
1.00601 0.240517
1.01602 0.238096
1.02603 0.235675
1.03604 0.233255
1.04605 0.230837
1.05606 0.228421
1.06607 0.226008
1.07608 0.223597
1.08609 0.221191
1.0961 0.218788
1.10611 0.21639
1.11612 0.213996
1.12613 0.211608
1.13614 0.209226
1.14615 0.206849
1.15616 0.20448
1.16617 0.202117
1.17618 0.199761
1.18619 0.197413
1.1962 0.195073
1.20621 0.192742
1.21622 0.190419
1.22623 0.188105
1.23624 0.185801
1.24625 0.183507
1.25626 0.181223
1.26627 0.178949
1.27628 0.176686
1.28629 0.174435
1.2963 0.172195
1.30631 0.169966
1.31632 0.16775
1.32633 0.165545
1.33634 0.163354
1.34635 0.161175
1.35636 0.15901
1.36637 0.156858
1.37638 0.154719
1.38639 0.152594
1.3964 0.150484
1.40641 0.148388
1.41642 0.146306
1.42643 0.144239
1.43644 0.142187
1.44645 0.14015
1.45646 0.138128
1.46647 0.136122
1.47648 0.134132
1.48649 0.132158
1.4965 0.130199
1.50651 0.128257
1.51652 0.126331
1.52653 0.124422
1.53654 0.122529
1.54655 0.120652
1.55656 0.118793
1.56657 0.116951
1.57658 0.115125
1.58659 0.113317
1.5966 0.111526
1.60661 0.109752
1.61662 0.107996
1.62663 0.106257
1.63664 0.104536
1.64665 0.102832
1.65666 0.101146
1.66667 0.0994771
1.67668 0.0978264
1.68669 0.0961934
1.6967 0.0945782
1.70671 0.0929808
1.71672 0.0914012
1.72673 0.0898394
1.73674 0.0882955
1.74675 0.0867695
1.75676 0.0852612
1.76677 0.0837708
1.77678 0.0822982
1.78679 0.0808433
1.7968 0.0794063
1.80681 0.0779869
1.81682 0.0765853
1.82683 0.0752013
1.83684 0.0738349
1.84685 0.0724861
1.85686 0.0711548
1.86687 0.069841
1.87688 0.0685445
1.88689 0.0672654
1.8969 0.0660035
1.90691 0.0647588
1.91692 0.0635312
1.92693 0.0623207
1.93694 0.061127
1.94695 0.0599503
1.95696 0.0587903
1.96697 0.0576469
1.97698 0.0565202
1.98699 0.0554099
1.997 0.054316
2.00701 0.0532383
2.01702 0.0521768
2.02703 0.0511313
2.03704 0.0501018
2.04705 0.0490881
2.05706 0.04809
2.06707 0.0471076
2.07708 0.0461405
2.08709 0.0451889
2.0971 0.0442524
2.10711 0.0433309
2.11712 0.0424244
2.12713 0.0415327
2.13714 0.0406557
2.14715 0.0397932
2.15716 0.0389451
2.16717 0.0381113
2.17718 0.0372915
2.18719 0.0364858
2.1972 0.0356939
2.20721 0.0349156
2.21722 0.034151
2.22723 0.0333997
2.23724 0.0326616
2.24725 0.0319367
2.25726 0.0312248
2.26727 0.0305256
2.27728 0.0298391
2.28729 0.0291652
2.2973 0.0285036
2.30731 0.0278542
2.31732 0.0272169
2.32733 0.0265915
2.33734 0.0259778
2.34735 0.0253758
2.35736 0.0247853
2.36737 0.0242061
2.37738 0.023638
2.38739 0.0230809
2.3974 0.0225348
2.40741 0.0219993
2.41742 0.0214744
2.42743 0.02096
2.43744 0.0204558
2.44745 0.0199617
2.45746 0.0194777
2.46747 0.0190034
2.47748 0.0185389
2.48749 0.0180839
2.4975 0.0176383
2.50751 0.0172019
2.51752 0.0167747
2.52753 0.0163564
2.53754 0.015947
2.54755 0.0155462
2.55756 0.015154
2.56757 0.0147703
2.57758 0.0143948
2.58759 0.0140274
2.5976 0.013668
2.60761 0.0133166
2.61762 0.0129728
2.62763 0.0126367
2.63764 0.012308
2.64765 0.0119867
2.65766 0.0116726
2.66767 0.0113656
2.67768 0.0110656
2.68769 0.0107724
2.6977 0.0104859
2.70771 0.010206
2.71772 0.0099326
2.72773 0.00966554
2.73774 0.00940473
2.74775 0.00915004
2.75776 0.00890135
2.76777 0.00865855
2.77778 0.00842153
2.78779 0.00819018
2.7978 0.00796439
2.80781 0.00774405
2.81782 0.00752904
2.82783 0.00731928
2.83784 0.00711464
2.84785 0.00691504
2.85786 0.00672035
2.86787 0.0065305
2.87788 0.00634538
2.88789 0.00616488
2.8979 0.00598892
2.90791 0.00581739
2.91792 0.00565022
2.92793 0.0054873
2.93794 0.00532854
2.94795 0.00517386
2.95796 0.00502316
2.96797 0.00487636
2.97798 0.00473338
2.98799 0.00459414
2.998 0.00445854
3.00801 0.00432651
3.01802 0.00419797
3.02803 0.00407284
3.03804 0.00395104
3.04805 0.0038325
3.05806 0.00371715
3.06807 0.00360491
3.07808 0.0034957
3.08809 0.00338947
3.0981 0.00328613
3.10811 0.00318563
3.11812 0.00308789
3.12813 0.00299284
3.13814 0.00290044
3.14815 0.0028106
3.15816 0.00272328
3.16817 0.0026384
3.17818 0.00255591
3.18819 0.00247575
3.1982 0.00239787
3.20821 0.0023222
3.21822 0.0022487
3.22823 0.00217731
3.23824 0.00210797
3.24825 0.00204063
3.25826 0.00197525
3.26827 0.00191177
3.27828 0.00185014
3.28829 0.00179032
3.2983 0.00173227
3.30831 0.00167592
3.31832 0.00162125
3.32833 0.00156821
3.33834 0.00151674
3.34835 0.00146682
3.35836 0.0014184
3.36837 0.00137144
3.37838 0.00132591
3.38839 0.00128175
3.3984 0.00123895
3.40841 0.00119745
3.41842 0.00115722
3.42843 0.00111824
3.43844 0.00108046
3.44845 0.00104385
3.45846 0.00100838
3.46847 0.000974023
3.47848 0.000940739
3.48849 0.000908501
3.4985 0.00087728
3.50851 0.000847047
3.51852 0.000817774
3.52853 0.000789433
3.53854 0.000761998
3.54855 0.000735443
3.55856 0.000709743
3.56857 0.000684871
3.57858 0.000660806
3.58859 0.000637521
3.5986 0.000614996
3.60861 0.000593207
3.61862 0.000572133
3.62863 0.000551752
3.63864 0.000532044
3.64865 0.000512989
3.65866 0.000494566
3.66867 0.000476757
3.67868 0.000459544
3.68869 0.000442907
3.6987 0.00042683
3.70871 0.000411295
3.71872 0.000396287
3.72873 0.000381787
3.73874 0.000367781
3.74875 0.000354254
3.75876 0.00034119
3.76877 0.000328574
3.77878 0.000316394
3.78879 0.000304634
3.7988 0.000293282
3.80881 0.000282325
3.81882 0.00027175
3.82883 0.000261545
3.83884 0.000251698
3.84885 0.000242197
3.85886 0.000233032
3.86887 0.000224191
3.87888 0.000215664
3.88889 0.00020744
3.8989 0.00019951
3.90891 0.000191864
3.91892 0.000184493
3.92893 0.000177386
3.93894 0.000170537
3.94895 0.000163936
3.95896 0.000157574
3.96897 0.000151444
3.97898 0.000145538
3.98899 0.000139848
3.999 0.000134367
4.00901 0.000129088
4.01902 0.000124004
4.02903 0.000119108
4.03904 0.000114395
4.04905 0.000109856
4.05906 0.000105487
4.06907 0.000101282
4.07908 9.72348e-05
4.08909 9.33399e-05
4.0991 8.95919e-05
4.10911 8.59859e-05
4.11912 8.25167e-05
4.12913 7.91796e-05
4.13914 7.59698e-05
4.14915 7.28828e-05
4.15916 6.99143e-05
4.16917 6.70599e-05
4.17918 6.43156e-05
4.18919 6.16775e-05
4.1992 5.91416e-05
4.20921 5.67044e-05
4.21922 5.43621e-05
4.22923 5.21113e-05
4.23924 4.99487e-05
4.24925 4.78711e-05
4.25926 4.58753e-05
4.26927 4.39583e-05
4.27928 4.21172e-05
4.28929 4.03492e-05
4.2993 3.86515e-05
4.30931 3.70215e-05
4.31932 3.54567e-05
4.32933 3.39546e-05
4.33934 3.2513e-05
4.34935 3.11294e-05
4.35936 2.98017e-05
4.36937 2.85278e-05
4.37938 2.73056e-05
4.38939 2.61331e-05
4.3994 2.50085e-05
4.40941 2.39298e-05
4.41942 2.28954e-05
4.42943 2.19036e-05
4.43944 2.09526e-05
4.44945 2.00408e-05
4.45946 1.91669e-05
4.46947 1.83292e-05
4.47948 1.75263e-05
4.48949 1.6757e-05
4.4995 1.60198e-05
4.50951 1.53135e-05
4.51952 1.46369e-05
4.52953 1.39887e-05
4.53954 1.3368e-05
4.54955 1.27735e-05
4.55956 1.22042e-05
4.56957 1.16591e-05
4.57958 1.11373e-05
4.58959 1.06377e-05
4.5996 1.01595e-05
4.60961 9.7019e-06
4.61962 9.26394e-06
4.62963 8.84486e-06
4.63964 8.4439e-06
4.64965 8.0603e-06
4.65966 7.69336e-06
4.66967 7.34239e-06
4.67968 7.00673e-06
4.68969 6.68574e-06
4.6997 6.37882e-06
4.70971 6.08538e-06
4.71972 5.80486e-06
4.72973 5.53671e-06
4.73974 5.28042e-06
4.74975 5.03549e-06
4.75976 4.80144e-06
4.76977 4.57781e-06
4.77978 4.36416e-06
4.78979 4.16006e-06
4.7998 3.96511e-06
4.80981 3.77891e-06
4.81982 3.6011e-06
4.82983 3.43132e-06
4.83984 3.26921e-06
4.84985 3.11444e-06
4.85986 2.96671e-06
4.86987 2.8257e-06
4.87988 2.69112e-06
4.88989 2.5627e-06
4.8999 2.44016e-06
4.90991 2.32324e-06
4.91992 2.21171e-06
4.92993 2.10532e-06
4.93994 2.00385e-06
4.94995 1.90707e-06
4.95996 1.81479e-06
4.96997 1.7268e-06
4.97998 1.64291e-06
4.98999 1.56295e-06
5 1.48672e-06
